64
1 0.352118266675 0.287538096169
2 0.844778169022 0.758547175696
3 0.716862297781 0.00243367765997
4 0.909746184889 0.982698741788
5 0.909994933775 0.982498277255
6 0.79247912455 0.861345141134
7 0.71735137578 0.00229787097608
8 0.494512580768 0.312184618728
9 0.123523649582 0.210311499822
10 0.587244277743 0.445231983915
11 0.793140799043 0.082217048298
12 0.0450846718927 0.573702240541
13 0.875037590317 0.568291470211
14 0.875342354837 0.567909775706
15 0.717704136895 0.0022656858089
16 0.90998035554 0.982796050937
17 0.471934870314 0.410608899233
18 0.909974677698 0.98289864708
19 0.238541885674 0.967805581832
20 0.0450515997178 0.573652927323
21 0.238630831692 0.967342884464
22 0.844476539066 0.757753190554
23 0.875471619754 0.567954237847
24 0.471817101121 0.409981599135
25 0.843710863878 0.757279331685
26 0.352098606146 0.287858491871
27 0.260818304495 0.805149818701
28 0.717076625218 0.00221953950543
29 0.898577726107 0.9233855856
30 0.494576137343 0.312282309945
31 0.793555084988 0.0822450990817
32 0.123957002995 0.210771764424
33 0.123973931503 0.210480187873
34 0.58782793868 0.445380624341
35 0.238566789887 0.96709359833
36 0.045501709927 0.573785217211
37 0.352121849473 0.287719309975
38 0.791885676285 0.861600705978
39 0.844642382377 0.757835871774
40 0.875363380893 0.568015888184
41 0.587721656382 0.445134534899
42 0.0451896711208 0.573621747525
43 0.238416180614 0.967452260157
44 0.898021323175 0.922929275278
45 0.238371533102 0.967462743118
46 0.352511774734 0.287777411922
47 0.792992819048 0.0820832568105
48 0.909364382736 0.982914401083
49 0.909781869354 0.982792300817
50 0.0451635695511 0.573856367956
51 0.587460395404 0.444700236146
52 0.792159820781 0.861628375505
53 0.199315465535 0.35850557896
54 0.898211538496 0.922990448991
55 0.793520102654 0.0824531069448
56 0.793756596945 0.0824572401444
57 0.844701481305 0.757625365442
58 0.260360980209 0.804986718673
59 0.238691084647 0.968035702199
60 0.875679483003 0.568368485871
61 0.792104031821 0.861468866033
62 0.84423201988 0.758347696491
63 0.792640046235 0.081937012007
64 0.587281379044 0.445143872963