0 0.898293 0.923153 0.540578 0.391226 0.705259 0.275711 0.811584 0.849507 0.895176 0.589775 0.949796 0.579779 0.45053 0.660276 0.99638 0.916915 
1 0.494539 0.312002 0.466943 0.808851 0.875069 0.812376 0.187894 0.999366 0.633156 0.0835244 0.725495 0.986706 0.401737 0.678564 0.316286 0.213622 
2 0.839973 0.910632 0.407998 0.675575 0.512579 0.502375 0.882805 0.442956 0.202615 0.0650124 0.580843 0.579658 0.93294 0.949853 0.734233 0.376053 
3 0.238618 0.967554 0.803186 0.447999 0.0804442 0.320043 0.507981 0.932843 0.109016 0.55128 0.70659 0.547437 0.814487 0.540292 0.96382 0.603212 
4 0.844447 0.757904 0.420523 0.258919 0.511296 0.404931 0.7838 0.303337 0.476653 0.583369 0.908125 0.504681 0.28183 0.75581 0.618403 0.250543 
5 0.353779 0.630455 0.557734 0.232575 0.539303 0.380406 0.830489 0.48378 0.248367 0.281001 0.811943 0.284554 0.20169 0.60994 0.212747 0.737881 
6 0.898024 0.923068 0.540548 0.391336 0.705264 0.275621 0.811757 0.849534 0.894938 0.589844 0.949722 0.579645 0.450528 0.660239 0.996212 0.91693 
7 0.123806 0.210482 0.800745 0.93695 0.0228385 0.425721 0.101666 0.25991 0.220804 0.64705 0.350262 0.180485 0.503773 0.0393043 0.100993 0.988049 
8 0.199773 0.402532 0.670131 0.778906 0.756706 0.266581 0.674476 0.675582 0.328063 0.580881 0.436373 0.491229 0.211064 0.308913 0.662266 0.241532 
9 0.717297 0.00232745 0.822719 0.528355 0.0977498 0.118904 0.64926 0.873644 0.280014 0.978514 0.100196 0.853935 0.396682 0.0813351 0.274706 0.45296 
10 0.494659 0.312085 0.466892 0.809189 0.875002 0.812455 0.188059 0.999426 0.633041 0.0833936 0.725613 0.986842 0.401875 0.678447 0.316131 0.213485 
11 0.587598 0.444977 0.59631 0.384922 0.575646 0.290321 0.189399 0.186735 0.612742 0.65669 0.476517 0.0898292 0.757602 0.87675 0.923345 0.842474 
12 0.123879 0.21056 0.800828 0.937039 0.0228435 0.425541 0.101574 0.259749 0.221072 0.646755 0.350233 0.180213 0.503612 0.0393238 0.100769 0.98817 
13 0.875429 0.568124 0.414411 0.402259 0.701809 0.418238 0.662182 0.0467624 0.445354 0.259212 0.157656 0.527551 0.487277 0.561392 0.755505 0.883872 
14 0.123929 0.210586 0.800637 0.936917 0.0227226 0.425589 0.10137 0.259977 0.220752 0.646957 0.350252 0.180315 0.503538 0.039454 0.101011 0.988359 
15 0.793306 0.082352 0.612814 0.486478 0.630147 0.845081 0.243053 0.731475 0.117134 0.220451 0.794618 0.332539 0.81591 0.10061 0.146324 0.69767 
